5141
163 0

1625 0

2189 0

3975 0

4871 0

5387 0

5407 0

6235 0

6765 0

6843 0

6935 0

7133 0

7407 0

7711 0

7899 0

8277 0

8405 0

8423 0

8429 0

8627 0

8785 0

8807 0

8821 0

8829 0

8831 0

8951 0

9015 0

9113 0

9167 0

9257 0

9259 0

9423 0

9457 0

9475 0

9483 0

9501 0

9507 0

9517 0

9553 0

9643 0

9701 0

9817 0

9933 0

10327 0

10381 0

10491 0

10495 0

10521 0

10603 0

10607 0

10655 0

10665 0

10667 0

10687 0

10731 0

10755 0

10783 0

10787 0

10815 0

10867 0

10901 0

10943 0

10967 0

11037 0

11059 0

11077 0

11087 0

11089 0

11103 0

11167 0

11209 0

11261 0

11265 0

11295 0

11351 0

11361 0

11405 0

11449 0

11455 0

11519 0

11541 0

11549 0

11559 0

11591 0

11647 0

11673 0

11715 0

11717 0

11719 0

11721 0

11731 0

11771 0

11805 0

11819 0

11821 0

11833 0

11899 0

11907 0

11939 0

11943 0

11949 0

11993 0

12003 0

12015 0

12057 0

12077 0

12089 0

12105 0

12119 0

12129 0

12155 0

12169 0

12171 0

12281 0

12285 0

12299 0

12303 0

12305 0

12313 0

12333 0

12337 0

12339 0

12367 0

12385 0

12399 0

12411 0

12423 0

12443 0

12467 0

12509 0

12527 0

12533 0

12555 0

12573 0

12585 0

12591 0

12647 0

12699 0

12725 0

12761 0

12763 0

12811 0

12835 0

12841 0

12845 0

12867 0

12893 0

12905 0

12939 0

12957 0

12981 0

13001 0

13005 0

13009 0

13047 0

13063 0

13077 0

13087 0

13093 0

13107 0

13117 0

13159 0

13179 0

13191 0

13219 0

13257 0

13269 0

13281 0

13307 0

13359 0

13379 0

13395 0

13401 0

13419 0

13449 0

13475 0

13501 0

13515 0

13569 0

13633 0

13669 0

13673 0

13693 0

13713 0

13729 0

13731 0

13741 0

13751 0

13759 0

13767 0

13769 0

13799 0

13807 0

13815 0

13819 0

13851 0

13855 0

13901 0

13911 0

13913 0

13927 0

13937 0

13957 0

13999 0

14003 0

14009 0

14063 0

14067 0

14079 0

14091 0

14097 0

14111 0

14149 0

14155 0

14167 0

14221 0

14253 0

14257 0

14273 0

14307 0

14317 0

14333 0

14341 0

14347 0

14397 0

14409 0

14413 0

14421 0

14433 0

14437 0

14465 0

14469 0

14477 0

14479 0

14481 0

14485 0

14501 0

14519 0

14523 0

14547 0

14549 0

14553 0

14561 0

14587 0

14593 0

14615 0

14619 0

14653 0

14659 0

14675 0

14677 0

14697 0

14723 0

14749 0

14751 0

14755 0

14759 0

14761 0

14765 0

14769 0

14773 0

14785 0

14789 0

14803 0

14823 0

14839 0

14857 0

14861 0

14883 0

14887 0

14889 0

14897 0

14899 0

14915 0

14933 0

14935 0

14937 0

14957 0

14979 0

15001 0

15007 0

15019 0

15023 0

15059 0

15069 0

15083 0

15091 0

15095 0

15103 0

15107 0

15121 0

15125 0

15135 0

15145 0

15153 0

15169 0

15171 0

15173 0

15197 0

15201 0

15213 0

15219 0

15235 0

15247 0

15283 0

15295 0

15319 0

15331 0

15341 0

15355 0

15367 0

15379 0

15389 0

15397 0

15401 0

15417 0

15429 0

15437 0

15461 0

15467 0

15469 0

15473 0

15489 0

15499 0

15507 0

15511 0

15523 0

15547 0

15571 0

15581 0

15589 0

15593 0

15597 0

15599 0

15607 0

15635 0

15645 0

15671 0

15693 0

15711 0

15721 0

15731 0

15741 0

15755 0

15761 0

15763 0

15771 0

15793 0

15807 0

15813 0

15829 0

15837 0

15859 0

15861 0

15863 0

15887 0

15889 0

15891 0

15895 0

15899 0

15915 0

15917 0

15919 0

15929 0

15941 0

15945 0

15953 0

15977 0

15981 0

15985 0

15997 0

16005 0

16009 0

16021 0

16055 0

16059 0

16065 0

16079 0

16083 0

16087 0

16113 0

16117 0

16127 0

16163 0

16183 0

16187 0

16189 0

16199 0

16215 0

16229 0

16255 0

16259 0

16267 0

16275 0

16283 0

16287 0

16289 0

16291 0

16303 0

16309 0

16311 0

16313 0

16315 0

16317 0

16329 0

16337 0

16339 0

16343 0

16347 0

16353 0

16357 0

16365 0

16367 0

16371 0

16377 0

16381 0

16387 0

16413 0

16419 0

16435 0

16447 0

16453 0

16467 0

16475 0

16483 0

16487 0

16493 0

16495 0

16499 0

16523 0

16537 0

16549 0

16555 0

16561 0

16569 0

16573 0

16581 0

16587 0

16591 0

16593 0

16611 0

16613 0

16631 0

16635 0

16639 0

16641 0

16643 0

16645 0

16647 0

16651 0

16671 0

16673 0

16677 0

16681 0

16683 0

16685 0

16687 0

16691 0

16699 0

16711 0

16719 0

16731 0

16747 0

16759 0

16761 0

16767 0

16769 0

16773 0

16775 0

16777 0

16779 0

16783 0

16785 0

16791 0

16797 0

16799 0

16803 0

16805 0

16807 0

16817 0

16827 0

16829 0

16831 0

16833 0

16843 0

16851 0

16859 0

16863 0

16867 0

16875 0

16877 0

16879 0

16897 0

16901 0

16915 0

16919 0

16921 0

16923 0

16927 0

16945 0

16947 0

16955 0

16957 0

16975 0

16985 0

16995 0

17001 0

17003 0

17009 0

17011 0

17029 0

17053 0

17057 0

17059 0

17061 0

17063 0

17065 0

17077 0

17089 0

17091 0

17093 0

17111 0

17125 0

17131 0

17135 0

17139 0

17147 0

17149 0

17153 0

17159 0

17161 0

17163 0

17165 0

17175 0

17181 0

17183 0

17193 0

17199 0

17211 0

17219 0

17225 0

17237 0

17239 0

17241 0

17247 0

17249 0

17259 0

17267 0

17269 0

17275 0

17279 0

17281 0

17283 0

17287 0

17295 0

17299 0

17307 0

17309 0

17311 0

17313 0

17315 0

17321 0

17333 0

17337 0

17349 0

17353 0

17355 0

17365 0

17375 0

17377 0

17385 0

17387 0

17393 0

17397 0

17405 0

17407 0

17409 0

17411 0

17417 0

17423 0

17431 0

17433 0

17451 0

17453 0

17465 0

17467 0

17477 0

17481 0

17487 0

17489 0

17507 0

17515 0

17517 0

17527 0

17529 0

17545 0

17551 0

17557 0

17565 0

17571 0

17583 0

17585 0

17591 0

17599 0

17601 0

17603 0

17617 0

17653 0

17655 0

17663 0

17667 0

17669 0

17673 0

17681 0

17685 0

17687 0

17699 0

17709 0

17713 0

17715 0

17731 0

17733 0

17735 0

17739 0

17741 0

17743 0

17745 0

17767 0

17769 0

17773 0

17777 0

17781 0

17793 0

17801 0

17805 0

17807 0

17811 0

17815 0

17827 0

17831 0

17837 0

17839 0

17849 0

17859 0

17861 0

17867 0

17869 0

17871 0

17879 0

17885 0

17887 0

17901 0

17903 0

17905 0

17909 0

17913 0

17915 0

17939 0

17947 0

17953 0

17955 0

17957 0

17959 0

17961 0

17965 0

17979 0

17987 0

17991 0

17993 0

18009 0

18013 0

18023 0

18027 0

18033 0

18039 0

18041 0

18043 0

18049 0

18055 0

18057 0

18067 0

18075 0

18083 0

18087 0

18089 0

18097 0

18101 0

18107 0

18113 0

18117 0

18129 0

18133 0

18137 0

18139 0

18143 0

18145 0

18155 0

18163 0

18175 0

18179 0

18183 0

18193 0

18195 0

18197 0

18205 0

18209 0

18213 0

18219 0

18221 0

18225 0

18229 0

18251 0

18257 0

18259 0

18261 0

18263 0

18267 0

18271 0

18281 0

18301 0

18303 0

18319 0

18321 0

18327 0

18333 0

18341 0

18347 0

18351 0

18353 0

18355 0

18361 0

18363 0

18365 0

18373 0

18375 0

18379 0

18381 0

18387 0

18397 0

18411 0

18413 0

18421 0

18423 0

18425 0

18431 0

18441 0

18443 0

18447 0

18459 0

18461 0

18467 0

18471 0

18481 0

18485 0

18487 0

18491 0

18503 0

18505 0

18507 0

18509 0

18511 0

18513 0

18515 0

18521 0

18527 0

18529 0

18543 0

18545 0

18547 0

18549 0

18555 0

18561 0

18563 0

18567 0

18569 0

18577 0

18587 0

18589 0

18591 0

18595 0

18597 0

18599 0

18601 0

18607 0

18611 0

18615 0

18619 0

18625 0

18627 0

18631 0

18635 0

18639 0

18641 0

18649 0

18655 0

18657 0

18659 0

18661 0

18663 0

18665 0

18675 0

18685 0

18687 0

18693 0

18701 0

18711 0

18717 0

18719 0

18723 0

18739 0

18741 0

18743 0

18747 0

18751 0

18755 0

18757 0

18765 0

18767 0

18769 0

18773 0

18777 0

18779 0

18787 0

18791 0

18795 0

18797 0

18803 0

18805 0

18807 0

18819 0

18821 0

18831 0

18841 0

18845 0

18847 0

18849 0

18857 0

18859 0

18863 0

18867 0

18869 0

18871 0

18873 0

18875 0

18879 0

18881 0

18885 0

18887 0

18895 0

18903 0

18905 0

18913 0

18929 0

18933 0

18937 0

18941 0

18951 0

18953 0

18955 0

18957 0

18959 0

18963 0

18969 0

18971 0

18975 0

18977 0

18987 0

18991 0

18993 0

18999 0

19001 0

19005 0

19015 0

19019 0

19023 0

19025 0

19029 0

19031 0

19037 0

19041 0

19045 0

19053 0

19059 0

19061 0

19063 0

19067 0

19071 0

19081 0

19083 0

19105 0

19109 0

19123 0

19127 0

19141 0

19143 0

19153 0

19159 0

19167 0

19169 0

19173 0

19177 0

19179 0

19181 0

19191 0

19193 0

19195 0

19201 0

19205 0

19211 0

19213 0

19215 0

19219 0

19221 0

19223 0

19225 0

19227 0

19237 0

19239 0

19241 0

19245 0

19247 0

19249 0

19251 0

19255 0

19257 0

19259 0

19263 0

19265 0

19267 0

19269 0

19273 0

19275 0

19279 0

19281 0

19287 0

19293 0

19297 0

19299 0

19303 0

19311 0

19315 0

19317 0

19321 0

19323 0

19325 0

19329 0

19333 0

19335 0

19337 0

19339 0

19341 0

19343 0

19345 0

19349 0

19351 0

19355 0

19357 0

19359 0

19361 0

19365 0

19367 0

19369 0

19371 0

19373 0

19379 0

19381 0

19383 0

19389 0

19393 0

19397 0

19401 0

19403 0

19413 0

19419 0

19423 0

19433 0

19435 0

19437 0

19445 0

19447 0

19449 0

19451 0

19453 0

19457 0

19465 0

19467 0

19471 0

19473 0

19475 0

19477 0

19481 0

19487 0

19495 0

19501 0

19503 0

19505 0

19509 0

19511 0

19525 0

19527 0

19533 0

19535 0

19537 0

19539 0

19541 0

19543 0

19545 0

19547 0

19551 0

19561 0

19563 0

19569 0

19575 0

19581 0

19585 0

19587 0

19597 0

19599 0

19611 0

19615 0

19617 0

19619 0

19621 0

19625 0

19629 0

19633 0

19635 0

19639 0

19643 0

19645 0

19649 0

19653 0

19655 0

19661 0

19663 0

19667 0

19669 0

19671 0

19681 0

19683 0

19693 0

19695 0

19699 0

19703 0

19709 0

19711 0

19715 0

19717 0

19721 0

19725 0

19733 0

19737 0

19741 0

19749 0

19753 0

19765 0

19767 0

19775 0

19779 0

19783 0

19785 0

19789 0

19793 0

19801 0

19803 0

19805 0

19807 0

19809 0

19811 0

19817 0

19819 0

19821 0

19823 0

19831 0

19833 0

19845 0

19847 0

19853 0

19855 0

19859 0

19861 0

19863 0

19871 0

19875 0

19877 0

19879 0

19885 0

19887 0

19891 0

19897 0

19903 0

19905 0

19907 0

19911 0

19917 0

19923 0

19925 0

19937 0

19939 0

19941 0

19947 0

19951 0

19955 0

19957 0

19959 0

19967 0

19979 0

19985 0

19987 0

19993 0

19995 0

19997 0

19999 0

20001 0

20005 0

20009 0

20037 0

20039 0

20045 0

20053 0

20055 0

20061 0

20063 0

20069 0

20073 0

20075 0

20077 0

20079 0

20087 0

20093 0

20097 0

20101 0

20105 0

20109 0

20111 0

20117 0

20119 0

20121 0

20123 0

20131 0

20135 0

20139 0

20143 0

20145 0

20149 0

20151 0

20157 0

20159 0

20161 0

20167 0

20169 0

20177 0

20179 0

20181 0

20183 0

20191 0

20195 0

20197 0

20199 0

20201 0

20207 0

20209 0

20213 0

20221 0

20223 0

20227 0

20231 0

20239 0

20241 0

20243 0

20245 0

20247 0

20249 0

20251 0

20263 0

20267 0

20269 0

20271 0

20273 0

20281 0

20283 0

20285 0

20287 0

20291 0

20293 0

20313 0

20317 0

20319 0

20325 0

20331 0

20335 0

20341 0

20343 0

20345 0

20347 0

20349 0

20355 0

20357 0

20359 0

20361 0

20369 0

20371 0

20373 0

20375 0

20377 0

20379 0

20381 0

20383 0

20389 0

20391 0

20397 0

20405 0

20409 0

20413 0

20415 0

20417 0

20419 0

20429 0

20431 0

20433 0

20445 0

20447 0

20455 0

20461 0

20471 0

20473 0

20477 0

20481 0

20483 0

20485 0

20491 0

20493 0

20495 0

20497 0

20499 0

20501 0

20503 0

20505 0

20507 0

20511 0

20521 0

20523 0

20525 0

20529 0

20537 0

20541 0

20543 0

20547 0

20557 0

20561 0

20571 0

20573 0

20577 0

20579 0

20583 0

20585 0

20587 0

20589 0

20595 0

20597 0

20601 0

20603 0

20609 0

20611 0

20613 0

20617 0

20619 0

20625 0

20629 0

20631 0

20633 0

20635 0

20637 0

20639 0

20641 0

20643 0

20645 0

20649 0

20651 0

20653 0

20659 0

20663 0

20667 0

20669 0

20673 0

20675 0

20693 0

20699 0

20701 0

20703 0

20705 0

20709 0

20717 0

20719 0

20723 0

20725 0

20729 0

20731 0

20733 0

20735 0

20741 0

20743 0

20745 0

20749 0

20751 0

20755 0

20761 0

20763 0

20767 0

20773 0

20779 0

20781 0

20783 0

20787 0

20793 0

20795 0

20797 0

20799 0

20803 0

20805 0

20807 0

20813 0

20815 0

20817 0

20819 0

20823 0

20825 0

20831 0

20833 0

20835 0

20837 0

20839 0

20841 0

20845 0

20851 0

20855 0

20857 0

20859 0

20865 0

20867 0

20869 0

20871 0

20873 0

20877 0

20879 0

20883 0

20887 0

20889 0

20893 0

20905 0

20909 0

20911 0

20915 0

20917 0

20919 0

20921 0

20925 0

20927 0

20933 0

20937 0

20945 0

20949 0

20953 0

20955 0

20959 0

20971 0

20973 0

20977 0

20987 0

20993 0

20995 0

21003 0

21005 0

21009 0

21011 0

21015 0

21017 0

21019 0

21021 0

21027 0

21029 0

21033 0

21039 0

21049 0

21053 0

21055 0

21057 0

21061 0

21065 0

21067 0

21069 0

21071 0

21075 0

21083 0

21085 0

21087 0

21097 0

21101 0

21105 0

21109 0

21111 0

21115 0

21117 0

21121 0

21123 0

21125 0

21131 0

21133 0

21135 0

21139 0

21143 0

21153 0

21155 0

21163 0

21165 0

21167 0

21169 0

21171 0

21181 0

21183 0

21185 0

21187 0

21189 0

21193 0

21197 0

21201 0

21205 0

21207 0

21211 0

21213 0

21215 0

21217 0

21223 0

21227 0

21229 0

21231 0

21233 0

21237 0

21239 0

21243 0

21245 0

21247 0

21249 0

21257 0

21259 0

21269 0

21279 0

21281 0

21283 0

21285 0

21289 0

21291 0

21293 0

21299 0

21301 0

21303 0

21305 0

21307 0

21311 0

21313 0

21319 0

21321 0

21323 0

21325 0

21331 0

21333 0

21335 0

21341 0

21347 0

21349 0

21353 0

21359 0

21361 0

21367 0

21373 0

21377 0

21379 0

21383 0

21385 0

21387 0

21395 0

21399 0

21407 0

21411 0

21423 0

21425 0

21427 0

21429 0

21431 0

21433 0

21443 0

21445 0

21453 0

21457 0

21459 0

21461 0

21463 0

21465 0

21467 0

21469 0

21471 0

21473 0

21475 0

21477 0

21479 0

21485 0

21487 0

21491 0

21499 0

21511 0

21515 0

21523 0

21527 0

21529 0

21531 0

21535 0

21537 0

21541 0

21543 0

21545 0

21547 0

21555 0

21557 0

21561 0

21563 0

21565 0

21567 0

21569 0

21571 0

21573 0

21583 0

21587 0

21589 0

21595 0

21597 0

21599 0

21603 0

21605 0

21607 0

21611 0

21613 0

21615 0

21617 0

21621 0

21623 0

21625 0

21627 0

21637 0

21639 0

21645 0

21647 0

21653 0

21655 0

21657 0

21659 0

21661 0

21663 0

21665 0

21667 0

21669 0

21675 0

21677 0

21683 0

21689 0

21693 0

21695 0

21697 0

21701 0

21711 0

21715 0

21717 0

21719 0

21721 0

21723 0

21725 0

21729 0

21731 0

21741 0

21743 0

21745 0

21747 0

21753 0

21755 0

21761 0

21763 0

21773 0

21775 0

21779 0

21787 0

21791 0

21793 0

21801 0

21805 0

21809 0

21811 0

21813 0

21817 0

21821 0

21825 0

21835 0

21837 0

21839 0

21841 0

21843 0

21845 0

21847 0

21851 0

21855 0

21857 0

21859 0

21865 0

21867 0

21869 0

21873 0

21877 0

21881 0

21883 0

21887 0

21889 0

21893 0

21899 0

21901 0

21903 0

21905 0

21907 0

21909 0

21913 0

21915 0

21919 0

21921 0

21923 0

21925 0

21927 0

21929 0

21931 0

21933 0

21935 0

21937 0

21939 0

21941 0

21945 0

21949 0

21953 0

21955 0

21961 0

21965 0

21967 0

21969 0

21973 0

21981 0

21983 0

21989 0

21991 0

21993 0

21995 0

21997 0

22003 0

22005 0

22007 0

22011 0

22013 0

22027 0

22029 0

22031 0

22035 0

22039 0

22041 0

22045 0

22047 0

22049 0

22057 0

22059 0

22065 0

22069 0

22071 0

22073 0

22075 0

22077 0

22079 0

22083 0

22085 0

22087 0

22089 0

22091 0

22093 0

22095 0

22097 0

22099 0

22101 0

22105 0

22107 0

22109 0

22111 0

22113 0

22115 0

22119 0

22121 0

22131 0

22139 0

22141 0

22143 0

22145 0

22149 0

22151 0

22155 0

22157 0

22159 0

22161 0

22165 0

22167 0

22169 0

22171 0

22175 0

22177 0

22179 0

22185 0

22187 0

22189 0

22193 0

22203 0

22211 0

22213 0

22215 0

22217 0

22225 0

22227 0

22231 0

22233 0

22237 0

22247 0

22249 0

22255 0

22257 0

22259 0

22261 0

22263 0

22265 0

22267 0

22269 0

22271 0

22275 0

22277 0

22281 0

22283 0

22285 0

22289 0

22291 0

22293 0

22297 0

22299 0

22301 0

22305 0

22307 0

22309 0

22311 0

22313 0

22315 0

22323 0

22325 0

22327 0

22329 0

22331 0

22333 0

22337 0

22339 0

22343 0

22345 0

22347 0

22351 0

22353 0

22355 0

22359 0

22361 0

22363 0

22365 0

22367 0

22369 0

22373 0

22375 0

22377 0

22381 0

22383 0

22385 0

22389 0

22391 0

22393 0

22399 0

22401 0

22403 0

22405 0

22407 0

22409 0

22411 0

22413 0

22415 0

22419 0

22423 0

22431 0

22433 0

22435 0

22437 0

22445 0

22451 0

22453 0

22455 0

22457 0

22459 0

22461 0

22463 0

22465 0

22467 0

22471 0

22473 0

22477 0

22479 0

22481 0

22483 0

22487 0

22489 0

22491 0

22493 0

22497 0

22501 0

22503 0

22505 0

22507 0

22509 0

22513 0

22515 0

22519 0

22521 0

22529 0

22533 0

22535 0

22541 0

22543 0

22547 0

22555 0

22557 0

22559 0

22561 0

22563 0

22569 0

22571 0

22573 0

22575 0

22577 0

22579 0

22583 0

22585 0

22587 0

22591 0

22595 0

22597 0

22603 0

22605 0

22609 0

22611 0

22613 0

22615 0

22617 0

22621 0

22625 0

22627 0

22631 0

22633 0

22635 0

22639 0

22641 0

22643 0

22647 0

22651 0

22653 0

22655 0

22657 0

22661 0

22663 0

22665 0

22667 0

22669 0

22671 0

22677 0

22679 0

22683 0

22685 0

22689 0

22693 0

22695 0

22697 0

22699 0

22701 0

22703 0

22705 0

22707 0

22709 0

22711 0

22715 0

22717 0

22719 0

22721 0

22723 0

22725 0

22727 0

22729 0

22731 0

22739 0

22741 0

22743 0

22745 0

22749 0

22751 0

22755 0

22759 0

22761 0

22763 0

22765 0

22767 0

22769 0

22771 0

22773 0

22775 0

22777 0

22779 0

22781 0

22785 0

22787 0

22791 0

22793 0

22795 0

22797 0

22799 0

22801 0

22803 0

22807 0

22809 0

22811 0

22813 0

22815 0

22817 0

22821 0

22823 0

22829 0

22833 0

22835 0

22837 0

22839 0

22841 0

22845 0

22847 0

22849 0

22853 0

22855 0

22857 0

22861 0

22863 0

22865 0

22867 0

22871 0

22873 0

22875 0

22877 0

22881 0

22883 0

22885 0

22887 0

22893 0

22895 0

22897 0

22901 0

22903 0

22905 0

22909 0

22911 0

22913 0

22917 0

22919 0

22921 0

22923 0

22925 0

22927 0

22929 0

22931 0

22933 0

22935 0

22937 0

22939 0

22941 0

22943 0

22947 0

22951 0

22955 0

22957 0

22959 0

22963 0

22967 0

22969 0

22977 0

22981 0

22983 0

22985 0

22987 0

22989 0

22991 0

22993 0

22995 0

22997 0

23003 0

23005 0

23011 0

23013 0

23015 0

23017 0

23021 0

23023 0

23025 0

23027 0

23029 0

23035 0

23037 0

23041 0

23043 0

23047 0

23049 0

23055 0

23057 0

23059 0

23067 0

23071 0

23073 0

23075 0

23077 0

23079 0

23081 0

23083 0

23087 0

23089 0

23091 0

23093 0

23095 0

23097 0

23099 0

23103 0

23105 0

23107 0

23111 0

23113 0

23115 0

23117 0

23121 0

23123 0

23129 0

23131 0

23133 0

23135 0

23137 0

23139 0

23141 0

23143 0

23145 0

23147 0

23151 0

23153 0

23155 0

23157 0

23159 0

23161 0

23165 0

23167 0

23171 0

23173 0

23175 0

23177 0

23183 0

23185 0

23187 0

23191 0

23195 0

23197 0

23199 0

23201 0

23203 0

23205 0

23207 0

23213 0

23215 0

23219 0

23221 0

23225 0

23227 0

23229 0

23231 0

23233 0

23235 0

23239 0

23241 0

23243 0

23245 0

23249 0

23251 0

23253 0

23255 0

23259 0

23261 0

23263 0

23265 0

23271 0

23275 0

23277 0

23281 0

23285 0

23289 0

23291 0

23293 0

23295 0

23299 0

23303 0

23305 0

23309 0

23311 0

23315 0

23317 0

23319 0

23321 0

23323 0

23325 0

23327 0

23329 0

23331 0

23333 0

23337 0

23339 0

23345 0

23347 0

23351 0

23355 0

23359 0

23361 0

23363 0

23365 0

23367 0

23369 0

23371 0

23373 0

23377 0

23379 0

23381 0

23383 0

23385 0

23387 0

23389 0

23391 0

23395 0

23397 0

23399 0

23405 0

23407 0

23409 0

23411 0

23415 0

23417 0

23419 0

23425 0

23427 0

23431 0

23433 0

23435 0

23437 0

23441 0

23445 0

23447 0

23449 0

23451 0

23453 0

23455 0

23459 0

23461 0

23463 0

23467 0

23469 0

23471 0

23473 0

23477 0

23479 0

23481 0

23483 0

23485 0

23489 0

23493 0

23495 0

23499 0

23501 0

23503 0

23505 0

23509 0

23511 0

23513 0

23519 0

23521 0

23523 0

23525 0

23527 0

23529 0

23531 0

23533 0

23535 0

23537 0

23539 0

23541 0

23545 0

23547 0

23549 0

23551 0

23553 0

23555 0

23557 0

23559 0

23561 0

23563 0

23565 0

23567 0

23571 0

23573 0

23575 0

23577 0

23579 0

23581 0

23583 0

23585 0

23587 0

23589 0

23591 0

23593 0

23597 0

23599 0

23601 0

23603 0

23607 0

23609 0

23611 0

23613 0

23615 0

23617 0

23621 0

23625 0

23627 0

23635 0

23637 0

23641 0

23643 0

23645 0

23647 0

23649 0

23651 0

23653 0

23659 0

23661 0

23663 0

23665 0

23667 0

23669 0

23673 0

23675 0

23679 0

23681 0

23683 0

23685 0

23687 0

23689 0

23691 0

23693 0

23695 0

23699 0

23703 0

23705 0

23707 0

23709 0

23711 0

23713 0

23717 0

23721 0

23725 0

23727 0

23729 0

23731 0

23733 0

23735 0

23737 0

23741 0

23745 0

23749 0

23753 0

23755 0

23759 0

23761 0

23763 0

23765 0

23767 0

23769 0

23771 0

23773 0

23775 0

23777 0

23779 0

23781 0

23783 0

23785 0

23787 0

23789 0

23793 0

23795 0

23799 0

23801 0

23803 0

23805 0

23807 0

23809 0

23811 0

23813 0

23817 0

23819 0

23821 0

23825 0

23833 0

23835 0

23837 0

23841 0

23845 0

23847 0

23849 0

23853 0

23855 0

23857 0

23859 0

23861 0

23865 0

23867 0

23869 0

23871 0

23873 0

23875 0

23881 0

23883 0

23885 0

23889 0

23891 0

23893 0

23895 0

23897 0

23899 0

23903 0

23905 0

23913 0

23917 0

23919 0

23921 0

23923 0

23925 0

23927 0

23929 0

23931 0

23933 0

23935 0

23937 0

23941 0

23943 0

23945 0

23947 0

23949 0

23951 0

23953 0

23955 0

23957 0

23959 0

23961 0

23963 0

23965 0

23967 0

23969 0

23971 0

23973 0

23975 0

23977 0

23979 0

23981 0

23985 0

23987 0

23989 0

23991 0

23993 0

23995 0

23997 0

23999 0

24003 0

24007 0

24009 0

24011 0

24015 0

24017 0

24021 0

24023 0

24027 0

24029 0

24031 0

24033 0

24035 0

24037 0

24039 0

24041 0

24043 0

24047 0

24049 0

24051 0

24053 0

24055 0

24057 0

24059 0

24061 0

24063 0

24065 0

24067 0

24073 0

24075 0

24077 0

24079 0

24083 0

24085 0

24087 0

24091 0

24093 0

24095 0

24097 0

24099 0

24101 0

24103 0

24105 0

24107 0

24111 0

24113 0

24115 0

24119 0

24123 0

24127 0

24131 0

24133 0

24135 0

24137 0

24139 0

24141 0

24143 0

24145 0

24147 0

24149 0

24151 0

24153 0

24159 0

24163 0

24165 0

24167 0

24173 0

24175 0

24177 0

24179 0

24185 0

24187 0

24191 0

24193 0

24197 0

24199 0

24201 0

24203 0

24205 0

24207 0

24209 0

24211 0

24213 0

24215 0

24217 0

24219 0

24221 0

24223 0

24225 0

24229 0

24231 0

24233 0

24235 0

24237 0

24239 0

24241 0

24243 0

24245 0

24247 0

24253 0

24257 0

24259 0

24261 0

24263 0

24265 0

24269 0

24271 0

24273 0

24275 0

24277 0

24283 0

24285 0

24287 0

24289 0

24293 0

24295 0

24297 0

24299 0

24301 0

24303 0

24307 0

24309 0

24311 0

24313 0

24317 0

24319 0

24323 0

24325 0

24329 0

24331 0

24333 0

24335 0

24337 0

24339 0

24341 0

24345 0

24347 0

24349 0

24351 0

24353 0

24355 0

24357 0

24359 0

24361 0

24363 0

24365 0

24367 0

24369 0

24373 0

24375 0

24377 0

24379 0

24381 0

24383 0

24385 0

24387 0

24389 0

24393 0

24395 0

24397 0

24399 0

24401 0

24403 0

24407 0

24409 0

24411 0

24413 0

24421 0

24423 0

24425 0

24427 0

24429 0

24435 0

24437 0

24439 0

24441 0

24443 0

24445 0

24447 0

24449 0

24451 0

24453 0

24455 0

24457 0

24463 0

24465 0

24469 0

24471 0

24475 0

24479 0

24483 0

24487 0

24489 0

24491 0

24493 0

24495 0

24499 0

24501 0

24503 0

24505 0

24507 0

24509 0

24511 0

24513 0

24515 0

24517 0

24519 0

24523 0

24525 0

24527 0

24531 0

24533 0

24535 0

24539 0

24541 0

24543 0

24545 0

24547 0

24549 0

24553 0

24555 0

24559 0

24561 0

24563 0

24565 0

24567 0

24569 0

24575 0

24579 0

24581 0

24589 0

24591 0

24593 0

24595 0

24597 0

24599 0

24601 0

24603 0

24605 0

24607 0

24609 0

24611 0

24613 0

24615 0

24617 0

24621 0

24623 0

24625 0

24627 0

24629 0

24631 0

24633 0

24635 0

24637 0

24639 0

24641 0

24647 0

24649 0

24651 0

24653 0

24655 0

24657 0

24659 0

24661 0

24663 0

24665 0

24667 0

24669 0

24673 0

24675 0

24677 0

24679 0

24681 0

24683 0

24685 0

24687 0

24689 0

24691 0

24693 0

24695 0

24697 0

24701 0

24703 0

24705 0

24707 0

24709 0

24715 0

24719 0

24721 0

24723 0

24727 0

24729 0

24731 0

24733 0

24737 0

24741 0

24743 0

24747 0

24751 0

24753 0

24755 0

24757 0

24761 0

24763 0

24765 0

24767 0

24769 0

24771 0

24773 0

24775 0

24777 0

24779 0

24781 0

24783 0

24785 0

24787 0

24789 0

24791 0

24793 0

24795 0

24797 0

24803 0

24807 0

24809 0

24811 0

24813 0

24815 0

24817 0

24819 0

24821 0

24823 0

24825 0

24827 0

24831 0

24833 0

24835 0

24839 0

24841 0

24843 0

24845 0

24847 0

24849 0

24851 0

24853 0

24859 0

24861 0

24865 0

24867 0

24871 0

24875 0

24879 0

24881 0

24883 0

24885 0

24887 0

24889 0

24891 0

24895 0

24897 0

24899 0

24901 0

24903 0

24905 0

24907 0

24911 0

24913 0

24917 0

24919 0

24921 0

24925 0

24927 0

24933 0

24935 0

24939 0

24941 0

24943 0

24947 0

24949 0

24951 0

24953 0

24955 0

24957 0

24959 0

24961 0

24963 0

24967 0

24973 0

24975 0

24977 0

24981 0

24983 0

24985 0

24987 0

24989 0

24991 0

24993 0

24995 0

24997 0

24999 0

25005 0

25007 0

25009 0

25011 0

25013 0

25017 0

25019 0

25023 0

25025 0

25027 0

25029 0

25031 0

25035 0

25037 0

25039 0

25041 0

25043 0

25045 0

25047 0

25049 0

25053 0

25055 0

25057 0

25061 0

25063 0

25065 0

25067 0

25069 0

25071 0

25073 0

25077 0

25079 0

25081 0

25085 0

25087 0

25089 0

25093 0

25095 0

25097 0

25099 0

25101 0

25103 0

25105 0

25107 0

25113 0

25115 0

25117 0

25119 0

25121 0

25123 0

25125 0

25127 0

25129 0

25133 0

25135 0

25137 0

25141 0

25143 0

25147 0

25149 0

25151 0

25153 0

25155 0

25159 0

25161 0

25163 0

25165 0

25167 0

25169 0

25171 0

25173 0

25175 0

25177 0

25181 0

25183 0

25185 0

25187 0

25191 0

25193 0

25197 0

25199 0

25201 0

25203 0

25205 0

25207 0

25211 0

25213 0

25215 0

25219 0

25221 0

25223 0

25225 0

25227 0

25229 0

25235 0

25237 0

25239 0

25241 0

25245 0

25249 0

25253 0

25255 0

25257 0

25259 0

25261 0

25263 0

25265 0

25267 0

25269 0

25273 0

25275 0

25277 0

25279 0

25281 0

25283 0

25287 0

25289 0

25291 0

25299 0

25301 0

25303 0

25305 0

25307 0

25309 0

25311 0

25313 0

25315 0

25317 0

25319 0

25321 0

25323 0

25325 0

25327 0

25331 0

25333 0

25335 0

25337 0

25339 0

25341 0

25345 0

25353 0

25355 0

25357 0

25359 0

25361 0

25363 0

25365 0

25367 0

25369 0

25371 0

25375 0

25377 0

25379 0

25381 0

25383 0

25387 0

25389 0

25391 0

25395 0

25397 0

25399 0

25403 0

25405 0

25407 0

25409 0

25411 0

25413 0

25415 0

25417 0

25419 0

25421 0

25425 0

25427 0

25429 0

25431 0

25435 0

25437 0

25441 0

25443 0

25445 0

25447 0

25449 0

25451 0

25453 0

25455 0

25457 0

25459 0

25461 0

25465 0

25467 0

25471 0

25473 0

25475 0

25477 0

25479 0

25481 0

25485 0

25487 0

25489 0

25491 0

25493 0

25497 0

25499 0

25501 0

25503 0

25505 0

25507 0

25511 0

25513 0

25515 0

25517 0

25519 0

25521 0

25523 0

25525 0

25527 0

25529 0

25531 0

25533 0

25535 0

25537 0

25539 0

25541 0

25543 0

25545 0

25547 0

25549 0

25551 0

25553 0

25555 0

25559 0

25561 0

25565 0

25567 0

25569 0

25571 0

25573 0

25575 0

25577 0

25579 0

25583 0

25585 0

25587 0

25589 0

25591 0

25593 0

25595 0

25597 0

25601 0

25603 0

25605 0

25607 0

25609 0

25613 0

25615 0

25617 0

25619 0

25621 0

25623 0

25625 0

25627 0

25629 0

25631 0

25633 0

25639 0

25641 0

25643 0

25645 0

25647 0

25653 0

25655 0

25657 0

25659 0

25661 0

25663 0

25667 0

25669 0

25671 0

25673 0

25675 0

25677 0

25681 0

25683 0

25689 0

25691 0

25693 0

25695 0

25697 0

25701 0

25703 0

25705 0

25707 0

25711 0

25713 0

25715 0

25717 0

25719 0

25721 0

25723 0

25725 0

25727 0

25729 0

25731 0

25733 0

25735 0

25737 0

25739 0

25741 0

25743 0

25745 0

25747 0

25749 0

25751 0

25753 0

25755 0

25757 0

25759 0

25761 0

25763 0

25767 0

25769 0

25771 0

25775 0

25777 0

25779 0

25781 0

25783 0

25787 0

25789 0

25791 0

25793 0

25795 0

25797 0

25799 0

25801 0

25803 0

25805 0

25807 0

25809 0

25811 0

25813 0

25815 0

25817 0

25819 0

25821 0

25823 0

25825 0

25827 0

25829 0

25831 0

25833 0

25837 0

25839 0

25841 0

25843 0

25845 0

25849 0

25851 0

25853 0

25857 0

25859 0

25861 0

25863 0

25865 0

25867 0

25869 0

25871 0

25873 0

25875 0

25877 0

25881 0

25885 0

25889 0

25895 0

25897 0

25899 0

25901 0

25903 0

25905 0

25907 0

25909 0

25911 0

25913 0

25915 0

25917 0

25919 0

25921 0

25923 0

25925 0

25927 0

25929 0

25931 0

25933 0

25935 0

25937 0

25939 0

25941 0

25943 0

25945 0

25947 0

25949 0

25951 0

25953 0

25955 0

25957 0

25961 0

25963 0

25965 0

25967 0

25969 0

25971 0

25973 0

25975 0

25977 0

25979 0

25981 0

25983 0

25985 0

25987 0

25993 0

25995 0

25997 0

25999 0

26003 0

26005 0

26007 0

26009 0

26011 0

26013 0

26015 0

26017 0

26019 0

26021 0

26023 0

26025 0

26027 0

26029 0

26031 0

26035 0

26037 0

26039 0

26043 0

26047 0

26051 0

26053 0

26055 0

26057 0

26061 0

26063 0

26065 0

26067 0

26069 0

26071 0

26075 0

26077 0

26079 0

26081 0

26083 0

26085 0

26087 0

26091 0

26093 0

26095 0

26097 0

26099 0

26103 0

26105 0

26107 0

26109 0

26111 0

26113 0

26115 0

26117 0

26119 0

26123 0

26125 0

26127 0

26129 0

26131 0

26133 0

26135 0

26137 0

26139 0

26143 0

26145 0

26147 0

26149 0

26151 0

26153 0

26155 0

26159 0

26161 0

26163 0

26165 0

26167 0

26169 0

26171 0

26173 0

26177 0

26181 0

26183 0

26187 0

26189 0

26191 0

26193 0

26195 0

26197 0

26201 0

26203 0

26205 0

26207 0

26209 0

26211 0

26213 0

26215 0

26217 0

26219 0

26221 0

26225 0

26227 0

26229 0

26231 0

26233 0

26235 0

26237 0

26239 0

26243 0

26245 0

26247 0

26249 0

26251 0

26253 0

26255 0

26257 0

26261 0

26263 0

26265 0

26267 0

26269 0

26271 0

26273 0

26277 0

26279 0

26281 0

26283 0

26285 0

26287 0

26289 0

26291 0

26293 0

26295 0

26297 0

26299 0

26301 0

26303 0

26305 0

26307 0

26309 0

26311 0

26313 0

26315 0

26317 0

26319 0

26321 0

26323 0

26325 0

26327 0

26329 0

26331 0

26333 0

26335 0

26339 0

26341 0

26343 0

26345 0

26347 0

26349 0

26351 0

26353 0

26355 0

26357 0

26359 0

26361 0

26363 0

26365 0

26367 0

26369 0

26371 0

26373 0

26375 0

26377 0

26379 0

26381 0

26383 0

26385 0

26387 0

26389 0

26391 0

26393 0

26397 0

26401 0

26403 0

26405 0

26407 0

26409 0

26411 0

26413 0

26415 0

26419 0

26421 0

26423 0

26425 0

26427 0

26431 0

26433 0

26437 0

26439 0

26443 0

26445 0

26447 0

26449 0

26451 0

26453 0

26455 0

26457 0

26459 0

26461 0

26463 0

26465 0

26467 0

26469 0

26471 0

26473 0

26475 0

26479 0

26481 0

26485 0

26487 0

26489 0

26491 0

26493 0

26495 0

26497 0

26501 0

26503 0

26505 0

26507 0

26509 0

26511 0

26513 0

26515 0

26517 0

26519 0

26521 0

26523 0

26525 0

26527 0

26529 0

26531 0

26533 0

26535 0

26537 0

26539 0

26541 0

26543 0

26545 0

26547 0

26549 0

26551 0

26553 0

26555 0

26557 0

26559 0

26561 0

26563 0

26565 0

26567 0

26569 0

26571 0

26573 0

26575 0

26577 0

26579 0

26581 0

26583 0

26585 0

26587 0

26589 0

26591 0

26595 0

26597 0

26599 0

26601 0

26603 0

26605 0

26607 0

26609 0

26611 0

26613 0

26615 0

26617 0

26619 0

26621 0

26623 0

26625 0

26627 0

26629 0

26631 0

26633 0

26635 0

26637 0

26639 0

26641 0

26643 0

26645 0

26647 0

26649 0

26653 0

26655 0

26657 0

26659 0

26661 0

26663 0

26665 0

26667 0

26669 0

26671 0

26673 0

26675 0

26677 0

26679 0

26681 0

26683 0

26685 0

26687 0

26689 0

26691 0

26693 0

26695 0

26699 0

26701 0

26703 0

26705 0

26707 0

26709 0

26711 0

26713 0

26715 0

26717 0

26719 0

26721 0

26725 0

26727 0

26729 0

26731 0

26733 0

26735 0

26737 0

26739 0

26741 0

26743 0

26745 0

26747 0

26749 0

26751 0

26753 0

26755 0

26757 0

26759 0

26761 0

26763 0

26765 0

26767 0

26769 0

26771 0

26773 0

26775 0

26777 0

26779 0

26781 0

26783 0

26789 0

26791 0

26793 0

26795 0

26797 0

26799 0

26801 0

26803 0

26805 0

26807 0

26809 0

26811 0

26813 0

26815 0

26817 0

26819 0

26821 0

26823 0

26825 0

26827 0

26829 0

26831 0

26833 0

26835 0

26837 0

26839 0

26841 0

26843 0

26845 0

26847 0

26849 0

26851 0

26853 0

26855 0

26857 0

26859 0

26861 0

26863 0

26865 0

26869 0

26871 0

26873 0

26875 0

26877 0

26879 0

26881 0

26883 0

26885 0

26887 0

26889 0

26891 0

26893 0

26895 0

26897 0

26901 0

26903 0

26905 0

26907 0

26909 0

26911 0

26913 0

26915 0

26917 0

26919 0

26921 0

26923 0

26925 0

26927 0

26929 0

26931 0

26933 0

26935 0

26937 0

26939 0

26941 0

26943 0

26947 0

26949 0

26951 0

26953 0

26955 0

26957 0

26959 0

26961 0

26963 0

26965 0

26967 0

26969 0

26973 0

26975 0

26977 0

26981 0

26983 0

26985 0

26987 0

26989 0

26991 0

26993 0

26995 0

26997 0

26999 0

27001 0

27003 0

27005 0

27007 0

27009 0

27011 0

27013 0

27015 0

27017 0

27019 0

27021 0

27023 0

27025 0

27027 0

27029 0

27031 0

27035 0

27037 0

27041 0

27043 0

27045 0

27047 0

27049 0

27051 0

27053 0

27055 0

27057 0

27059 0

27061 0

27063 0

27065 0

27067 0

27069 0

27071 0

27073 0

27075 0

27077 0

27079 0

27081 0

27083 0

27085 0

27087 0

27089 0

27091 0

27093 0

27095 0

27097 0

27099 0

27101 0

27103 0

27105 0

27107 0

27109 0

27111 0

27113 0

27115 0

27117 0

27119 0

27121 0

27123 0

27125 0

27127 0

27129 0

27131 0

27133 0

27135 0

27137 0

27139 0

27141 0

27143 0

27145 0

27147 0

27149 0

27151 0

27153 0

27155 0

27157 0

27159 0

27161 0

27163 0

27165 0

27167 0

27169 0

27171 0

27173 0

27175 0

27177 0

27181 0

27183 0

27185 0

27187 0

27189 0

27193 0

27195 0

27197 0

27199 0

27201 0

27203 0

27205 0

27207 0

27209 0

27211 0

27213 0

27215 0

27217 0

27221 0

27223 0

27225 0

27227 0

27231 0

27235 0

27237 0

27239 0

27241 0

27243 0

27245 0

27247 0

27251 0

27253 0

27255 0

27257 0

27259 0

27261 0

27263 0

27265 0

27267 0

27269 0

27271 0

27273 0

27275 0

27277 0

27279 0

27281 0

27283 0

27285 0

27287 0

27289 0

27291 0

27293 0

27295 0

27297 0

27299 0

27301 0

27303 0

27305 0

27307 0

27309 0

27311 0

27313 0

27315 0

27317 0

27319 0

27321 0

27323 0

27325 0

27327 0

27329 0

27331 0

27333 0

27335 0

27337 0

27339 0

27341 0

27343 0

27345 0

27347 0

27349 0

27351 0

27353 0

27355 0

27357 0

27359 0

27361 0

27363 0

27365 0

27367 0

27369 0

27371 0

27373 0

27375 0

27377 0

27379 0

27381 0

27383 0

27385 0

27387 0

27389 0

27391 0

27393 0

27395 0

27397 0

27401 0

27403 0

27405 0

27407 0

27411 0

27413 0

27415 0

27417 0

27419 0

27421 0

27423 0

27427 0

27429 0

27431 0

27433 0

27435 0

27439 0

27441 0

27445 0

27451 0

27453 0

27455 0

27457 0

27459 0

27463 0

27465 0

27467 0

27469 0

27471 0

27473 0

27475 0

27477 0

27479 0

27481 0

27483 0

27485 0

27487 0

27489 0

27491 0

27493 0

27495 0

27497 0

27499 0

27501 0

27503 0

27505 0

27509 0

27511 0

27515 0

27517 0

27519 0

27521 0

27523 0

27525 0

27527 0

27529 0

27531 0

27533 0

27535 0

27537 0

27539 0

27541 0

27543 0

27545 0

27547 0

27549 0

27551 0

27553 0

27555 0

27557 0

27559 0

27561 0

27563 0

27565 0

27567 0

27569 0

27571 0

27573 0

27575 0

27577 0

27579 0

27581 0

27583 0

27585 0

27587 0

27589 0

27591 0

27593 0

27595 0

27597 0

27599 0

27601 0

27605 0

27609 0

27611 0

27615 0

27617 0

27619 0

27621 0

27623 0

27625 0

27627 0

27629 0

27631 0

27633 0

27635 0

27639 0

27641 0

27643 0

27645 0

27647 0

27649 0

27651 0

27653 0

27655 0

27657 0

27659 0

27661 0

27663 0

27665 0

27667 0

27669 0

27671 0

27673 0

27675 0

27677 0

27679 0

27681 0

27683 0

27685 0

27687 0

27689 0

27691 0

27693 0

27695 0

27697 0

27699 0

27701 0

27703 0

27705 0

27707 0

27709 0

27711 0

27713 0

27715 0

27717 0

27719 0

27721 0

27723 0

27725 0

27727 0

27729 0

27731 0

27733 0

27735 0

27737 0

27739 0

27741 0

27743 0

27745 0

27747 0

27749 0

27751 0

27753 0

27755 0

27757 0

27759 0

27761 0

27763 0

27765 0

27767 0

27769 0

27771 0

27773 0

27775 0

27777 0

27779 0

27781 0

27783 0

27785 0

27787 0

27789 0

27791 0

27793 0

27795 0

27797 0

27799 0

27801 0

27803 0

27805 0

27807 0

27809 0

27811 0

27813 0

27815 0

27817 0

27819 0

27821 0

27823 0

27825 0

27827 0

27829 0

27831 0

27833 0

27835 0

27837 0

27839 0

27841 0

27843 0

27845 0

27847 0

27849 0

27851 0

27853 0

27855 0

27857 0

27859 0

27861 0

27863 0

27865 0

27867 0

27869 0

27871 0

27873 0

27875 0

27877 0

27879 0

27881 0

27883 0

27885 0

27887 0

27889 0

27891 0

27893 0

27895 0

27897 0

27899 0

27901 0

27903 0

27905 0

27907 0

27909 0

27911 0

27913 0

27915 0

27917 0

27919 0

27921 0

27923 0

27925 0

27927 0

27929 0

27931 0

27933 0

27935 0

27937 0

27939 0

27941 0

27943 0

27947 0

27949 0

27951 0

27953 0

27955 0

27957 0

27959 0

27961 0

27963 0

27965 0

27967 0

27969 0

27971 0

27973 0

27975 0

27977 0

27979 0

27981 0

27983 0

27985 0

27987 0

27989 0

27991 0

27993 0

27995 0

27997 0

27999 0

28001 0

28003 0

28005 0

28007 0

28009 0

28011 0

28013 0

28015 0

28017 0

28019 0

28021 0

28023 0

28025 0

28027 0

28029 0

28031 0

28033 0

28035 0

28037 0

28039 0

28041 0

28043 0

28045 0

28047 0

28049 0

28051 0

28053 0

28055 0

28057 0

28059 0

28061 0

28063 0

28065 0

28067 0

28069 0

28073 0

28075 0

28077 0

28079 0

28081 0

28083 0

28085 0

28087 0

28089 0

28091 0

28093 0

28095 0

28097 0

28099 0

28101 0

28103 0

28105 0

28107 0

28109 0

28111 0

28113 0

28115 0

28117 0

28119 0

28121 0

28123 0

28125 0

28127 0

28129 0

28131 0

28133 0

28135 0

28137 0

28139 0

28141 0

28143 0

28145 0

28147 0

28149 0

28151 0

28153 0

28155 0

28157 0

28159 0

28161 0

28163 0

28165 0

28167 0

28169 0

28171 0

28173 0

28175 0

28177 0

28179 0

28181 0

28185 0

28187 0

28189 0

28191 0

28193 0

28195 0

28197 0

28199 0

28201 0

28203 0

28205 0

28207 0

28209 0

28211 0

28213 0

28215 0

28217 0

28219 0

28221 0

28223 0

28225 0

28227 0

28231 0

28235 0

28237 0

28239 0

28241 0

28243 0

28245 0

28247 0

28249 0

28251 0

28253 0

28255 0

28257 0

28259 0

28261 0

28263 0

28265 0

28267 0

28269 0

28271 0

28273 0

28275 0

28277 0

28279 0

28281 0

28283 0

28285 0

28287 0

28289 0

28291 0

28293 0

28295 0

28297 0

28299 0

28303 0

28305 0

28307 0

28309 0

28311 0

28313 0

28315 0

28317 0

28319 0

28321 0

28323 0

28325 0

28327 0

28329 0

28331 0

28333 0

28335 0

28337 0

28339 0

28341 0

28343 0

28345 0

28347 0

28349 0

28351 0

28353 0

28355 0

28357 0

28359 0

28361 0

28363 0

28365 0

28367 0

28369 0

28371 0

28373 0

28375 0

28377 0

28379 0

28381 0

28383 0

28385 0

28387 0

28389 0

28391 0

28393 0

28395 0

28397 0

28399 0

28401 0

28403 0

28405 0

28407 0

28409 0

28411 0

28413 0

28415 0

28417 0

28419 0

28421 0

28425 0

28427 0

28429 0

28431 0

28433 0

28435 0

28437 0

28439 0

28441 0

28443 0

28445 0

28447 0

28451 0

28453 0

28455 0

28457 0

28459 0

28461 0

28463 0

28465 0

28467 0

28469 0

28471 0

28473 0

28475 0

28477 0

28479 0

28481 0

28483 0

28485 0

28487 0

28489 0

28491 0

28493 0

28495 0

28497 0

28499 0

28501 0

28503 0

28505 0

28507 0

28509 0

28511 0

28513 0

28515 0

28517 0

28519 0

28521 0

28523 0

28525 0

28527 0

28529 0

28531 0

28533 0

28535 0

28537 0

28539 0

28541 0

28543 0

28545 0

28547 0

28549 0

28551 0

28553 0

28555 0

28557 0

28559 0

28561 0

28563 0

28565 0

28567 0

28569 0

28571 0

28573 0

28575 0

28577 0

28579 0

28581 0

28583 0

28585 0

28587 0

28589 0

28591 0

28593 0

28595 0

28597 0

28599 0

28601 0

28603 0

28605 0

28607 0

28609 0

28611 0

28613 0

28615 0

28617 0

28619 0

28623 0

28625 0

28627 0

28629 0

28631 0

28633 0

28635 0

28637 0

28639 0

28641 0

28643 0

28645 0

28647 0

28649 0

28651 0

28653 0

28655 0

28657 0

28659 0

28661 0

28663 0

28665 0

28667 0

28669 0

28671 0

28673 0

28675 0

28677 0

28679 0

28681 0

28683 0

28685 0

28687 0

28689 0

28691 0

28693 0

28695 0

28697 0

28699 0

28701 0

28703 0

28705 0

28707 0

28709 0

28711 0

28713 0

28715 0

28717 0

28719 0

28721 0

28723 0

28725 0

28727 0

28729 0

28731 0

28733 0

28735 0

28737 0

28739 0

28741 0

28743 0

28745 0

28747 0

28749 0

28751 0

28753 0

28755 0

28757 0

28759 0

28761 0

28763 0

28765 0

28767 0

28769 0

28771 0

28773 0

28775 0

28777 0

28779 0

28781 0

28783 0

28785 0

28787 0

28789 0

28791 0

28793 0

28795 0

28797 0

28799 0

28801 0

28803 0

28805 0

28807 0

28809 0

28811 0

28813 0

28815 0

28817 0

28819 0

28821 0

28823 0

28825 0

28827 0

28829 0

28831 0

28833 0

28835 0

28837 0

28839 0

28841 0

28843 0

28845 0

28847 0

28849 0

28851 0

28853 0

28855 0

28857 0

28859 0

28861 0

28863 0

28865 0

28867 0

28869 0

28871 0

28873 0

28875 0

28877 0

28879 0

28881 0

28883 0

28885 0

28887 0

28889 0

28891 0

28893 0

28895 0

28897 0

28899 0

28901 0

28903 0

28905 0

28907 0

28909 0

28911 0

28913 0

28915 0

28917 0

28919 0

28921 0

28923 0

28925 0

28927 0

28929 0

28931 0

28933 0

28935 0

28937 0

28939 0

28941 0

28943 0

28945 0

28947 0

28949 0

28951 0

28953 0

28955 0

28957 0

28959 0

28961 0

28963 0

28965 0

28967 0

28969 0

28971 0

28973 0

28975 0

28977 0

28979 0

28981 0

28983 0

28985 0

28987 0

28989 0

28991 0

28993 0

28995 0

28997 0

28999 0

29001 0

29003 0

29005 0

29007 0

29009 0

29011 0

29013 0

29015 0

29017 0

29019 0

29021 0

29023 0

29025 0

29027 0

29029 0

29031 0

29033 0

29035 0

29037 0

29039 0

29041 0

29043 0

29045 0

29047 0

29049 0

29051 0

29053 0

29055 0

29057 0

29059 0

29061 0

29063 0

29065 0

29067 0

29069 0

29071 0

29073 0

29075 0

29077 0

29079 0

29081 0

29083 0

29085 0

29087 0

29089 0

29091 0

29093 0

29095 0

29097 0

29099 0

29101 0

29103 0

29105 0

29107 0

29109 0

29111 0

29113 0

29115 0

29117 0

29119 0

29121 0

29123 0

29125 0

29127 0

29129 0

29131 0

29133 0

29135 0

29137 0

29139 0

29141 0

29143 0

29145 0

29147 0

29149 0

29151 0

29153 0

29155 0

29157 0

29159 0

29161 0

29163 0

29165 0

29167 0

29169 0

29171 0

29173 0

29175 0

29177 0

29179 0

29181 0

29183 0

29185 0

29187 0

29189 0

29191 0

29193 0

29195 0

29197 0

29199 0

29201 0

29203 0

29205 0

29207 0

29209 0

29211 0

29213 0

29215 0

29217 0

29219 0

29221 0

29223 0

29225 0

29227 0

29229 0

29231 0

29233 0

29235 0

29237 0

29239 0

29241 0

29243 0

29245 0

29247 0

29249 0

29251 0

29253 0

29255 0

29257 0

29259 0

29261 0

29263 0

29265 0

29267 0

29269 0

29271 0

29273 0

29275 0

29277 0

29279 0

29281 0

29283 0

29285 0

29287 0

29289 0

29291 0

29293 0

29295 0

29297 0

29299 0

29301 0

29303 0

29305 0

29307 0

29309 0

29311 0

29313 0

29315 0

29317 0

29319 0

29321 0

29323 0

29325 0

29327 0

29329 0

29331 0

29333 0

29335 0

29337 0

29339 0

29341 0

29343 0

29345 0

29349 0

29351 0

29353 0

29355 0

29357 0

29359 0

29361 0

29363 0

29365 0

29367 0

29369 0

29371 0

29373 0

29375 0

29377 0

29379 0

29381 0

29383 0

29385 0

29387 0

29389 0

29391 0

29393 0

29395 0

29397 0

29399 0

29401 0

29403 0

29405 0

29407 0

29409 0

29411 0

29413 0

29415 0

29417 0

29419 0

29421 0

29423 0

29425 0

29427 0

29429 0

29431 0

29433 0

29435 0

29437 0

29439 0

29441 0

29443 0

29445 0

29447 0

29449 0

29451 0

29453 0

29455 0

29457 0

29459 0

29461 0

29463 0

29465 0

29467 0

29469 0

29471 0

29473 0

29475 0

29477 0

29479 0

29481 0

29483 0

29485 0

29487 0

29489 0

29491 0

29493 0

29495 0

29497 0

29499 0

29501 0

29503 0

29505 0

29507 0

29509 0

29511 0

29513 0

29515 0

29517 0

29519 0

29521 0

29523 0

29525 0

29527 0

29529 0

29531 0

29533 0

29535 0

29537 0

29539 0

29541 0

29543 0

29545 0

29547 0

29549 0

29551 0

29553 0

29555 0

29557 0

29559 0

29561 0

29563 0

29565 0

29567 0

29569 0

29571 0

29573 0

29575 0

29577 0

29579 0

29581 0

29583 0

29585 0

29587 0

29589 0

29591 0

29593 0

29595 0

29597 0

29599 0

29601 0

29603 0

29605 0

29607 0

29609 0

29611 0

29613 0

29615 0

29617 0

29619 0

29621 0

29623 0

29625 0

29627 0

29629 0

29631 0

29633 0

29635 0

29637 0

29639 0

29641 0

29643 0

29645 0

29647 0

29649 0

29651 0

29653 0

29655 0

29657 0

29659 0

29661 0

29663 0

29665 0

29667 0

29669 0

29671 0

29673 0

29675 0

29677 0

29679 0

29681 0

29683 0

29685 0

29687 0

29689 0

29691 0

29693 0

29695 0

29697 0

29699 0

29701 0

29703 0

29705 0

29707 0

29709 0

29711 0

29713 0

29715 0

29717 0

29719 0

29721 0

29723 0

29725 0

29727 0

29729 0

29731 0

29733 0

29735 0

29737 0

29739 0

29741 0

29743 0

29745 0

29747 0

29749 0

29751 0

29753 0

29755 0

29757 0

29759 0

29761 0

29763 0

29765 0

29767 0

29769 0

29771 0

29773 0

29775 0

29777 0

29779 0

29781 0

29783 0

29785 0

29787 0

29789 0

29791 0

29793 0

29795 0

29797 0

29799 0

29801 0

29803 0

29805 0

29807 0

29809 0

29811 0

29813 0

29815 0

29817 0

29819 0

29821 0

29823 0

29825 0

29827 0

29829 0

29831 0

29833 0

29835 0

29837 0

29839 0

29841 0

29843 0

29845 0

29847 0

29849 0

29851 0

29853 0

29855 0

29857 0

29859 0

29861 0

29863 0

29865 0

29867 0

29869 0

29871 0

29873 0

29875 0

29877 0

29879 0

29881 0

29883 0

29885 0

29887 0

29889 0

29891 0

29893 0

29895 0

29897 0

29899 0

29901 0

29903 0

29905 0

29907 0

29909 0

29911 0

29913 0

29915 0

29917 0

29919 0

29921 0

29923 0

29925 0

29927 0

29929 0

29931 0

29933 0

29935 0

29937 0

29939 0

29941 0

29943 0

29945 0

29947 0

29949 0

29951 0

29953 0

29955 0

29957 0

29959 0

29961 0

29963 0

29965 0

29967 0

29969 0

29971 0

29973 0

29975 0

29977 0

29979 0

29981 0

29983 0

29985 0

29987 0

29989 0

29991 0

29993 0

29995 0

29997 0

29999 0

